# flower-7d
attributes = 7
classes = 6

names.classes = A,B,C,D,E,F
names.attributes = A1, A2, A3, A4, A5, A6, A7
names.decision = CLASS
classRatio = 1:1:1:1:1:30
minOutlierDistance = 0.3

defaultRegion.weight = 1
defaultRegion.distribution = U
defaultRegion.borderZone = 0.06
defaultRegion.noOutlierZone = 0.5
defaultRegion.shape = C

defaultClass.exampleTypeRatio = 0:1:0:0

class.1.regions = 1
class.1.region.1.center = -0.208207066,	-0.23,	0.178288748,	0.177772105,	0.109058607,	-0.149873392,	-0.162977333
class.1.region.1.radius = 0.3, 0.15, 0.11, 0.1, 0.03, 0.07, 0.08
class.1.region.1.rotation = 1,2,209
class.1.region.1.rotation = 1,3,334
class.1.region.1.rotation = 1,4,209
class.1.region.1.rotation = 1,5,160
class.1.region.1.rotation = 1,6,30
class.1.region.1.rotation = 1,7,38

class.2.regions = 1
class.2.region.1.center = 0.177581608,	0.200197054,	-0.169020701,	0.23,	0.115961385,	-0.147503981,	0.145901672
class.2.region.1.radius = 0.1, 0.31, 0.08, 0.16, 0.02, 0.05, 0.04
class.2.region.1.rotation = 2,1,23
class.2.region.1.rotation = 2,3,336
class.2.region.1.rotation = 2,4,143
class.2.region.1.rotation = 2,5,338
class.2.region.1.rotation = 2,6,149
class.2.region.1.rotation = 2,7,36

class.3.regions = 1
class.3.region.1.center = 0.163222787,	-0.23,	0.227051882,	0.204309257,	-0.170054934,	-0.105430315,	-0.078335707
class.3.region.1.radius = 0.08, 0.15, 0.14, 0.31, 0.06, 0.02, 0.01
class.3.region.1.rotation = 4,1,20
class.3.region.1.rotation = 4,2,328
class.3.region.1.rotation = 4,3,37
class.3.region.1.rotation = 4,5,215
class.3.region.1.rotation = 4,6,26
class.3.region.1.rotation = 4,7,159

class.4.regions = 1
class.4.region.1.center = 0.23,	0.131493858,	-0.179645954,	-0.160326951,	-0.079561055,	-0.154427384,	-0.119486994
class.4.region.1.radius = 0.14, 0.04, 0.08, 0.05, 0.01, 0.29, 0.02
class.4.region.1.rotation = 6,1,34
class.4.region.1.rotation = 6,2,22
class.4.region.1.rotation = 6,3,326
class.4.region.1.rotation = 6,4,217
class.4.region.1.rotation = 6,5,22
class.4.region.1.rotation = 6,7,38

class.5.regions = 1
class.5.region.1.center = 0.21470228,	0.23,	-0.129666385,	-0.172985642,	-0.154822635,	0.148509291,	0.210040118
class.5.region.1.radius = 0.12, 0.13, 0.03, 0.08, 0.045, 0.05, 0.34
class.5.region.1.rotation = 7,1,26
class.5.region.1.rotation = 7,2,32
class.5.region.1.rotation = 7,3,339
class.5.region.1.rotation = 7,4,210
class.5.region.1.rotation = 7,5,31
class.5.region.1.rotation = 7,6,215

class.6.regions = 1
class.6.region.1.center = 0.025, 0.005,	0.035,	0.06,	-0.04,	-0.005,	0.035
class.6.region.1.radius = 0.395, 0.435,	0.375,	0.38,	0.27,	0.295,	0.355
class.6.region.1.shape = I
class.6.exampleTypeRatio = 1:0:0:0

examples=2000
fileName=flower-7d.arff


#exampleTypeLabels.classes = 1