# flower-5d
attributes = 5
classes = 2

names.classes = MIN, MAJ
names.attributes = A1, A2, A3, A4, A5
names.decision = CLASS
minOutlierDistance = 0.1

defaultRegion.weight = 1
defaultRegion.distribution = U
defaultRegion.borderZone = 0.06
defaultRegion.noOutlierZone = 0.125
defaultRegion.shape = C

class.1.regions = 5
class.1.region.1.center = 0.045543572,	0.23,	0.045047455,	0.052241156,	0.042467645
class.1.region.1.radius = 0.18, 0.02, 0.03, 0.04, 0.01
class.1.region.1.rotation = 1,2,68
class.1.region.1.rotation = 1,3,29
class.1.region.1.rotation = 1,4,40
class.1.region.1.rotation = 1,5,43

class.1.region.2.center = 0.173969982,	0.23,	-0.172528451,	0.125185552,	0.123668151
class.1.region.2.radius = 0.02, 0.26, 0.09, 0.01, 0.07
class.1.region.2.rotation = 2,1,153
class.1.region.2.rotation = 2,3,31
class.1.region.2.rotation = 2,4,334
class.1.region.2.rotation = 2,5,208

class.1.region.3.center = 0.088597469,	0.076990057,	-0.23,	-0.134368786,	0.188005423
class.1.region.3.radius = 0.03, 0.02, 0.3, 0.07, 0.01
class.1.region.3.rotation = 3,1,165
class.1.region.3.rotation = 3,2,347
class.1.region.3.rotation = 3,4,156
class.1.region.3.rotation = 3,5,141

class.1.region.4.center = 0.155273025,	0.23,	-0.194038952,	-0.204295595,	-0.137397161
class.1.region.4.radius = 0.05, 0.16, 0.1, 0.25, 0.01
class.1.region.4.rotation = 4,1,22
class.1.region.4.rotation = 4,2,144
class.1.region.4.rotation = 4,3,38
class.1.region.4.rotation = 4,5,34

class.1.region.5.center = -0.19610366,	-0.11559033,	0.163540321,	-0.11658056,	-0.23
class.1.region.5.radius = 0.006, 0.02, 0.05, 0.06, 0.31
class.1.region.5.rotation = 5,1,211
class.1.region.5.rotation = 5,2,159
class.1.region.5.rotation = 5,3,32
class.1.region.5.rotation = 5,4,207

class.2.regions = 1
class.2.region.1.center = -0.035,	0.11,	-0.065,	-0.075,	-0.025
class.2.region.1.radius = 0.375,	0.38,	0.435,	0.345,	0.445
class.2.region.1.shape = I
class.2.exampleTypeRatio = 1:0:0:0

examples=3000
fileName=flower-5d.arff

exampleTypeLabels.classes = 1

learnTestRatio = 2:1
